rgn_id,year,area
1,2000,5.361798815572484
1,2001,5.361798815572484
1,2002,5.361798815572484
1,2003,5.361798815572484
1,2004,5.361798815572484
1,2005,5.361798815572484
1,2006,5.361798815572484
1,2007,5.361798815572484
1,2008,5.361798815572484
1,2009,5.361798815572484
1,2010,5.361798815572484
1,2011,5.361798815572484
1,2012,5.361798815572484
1,2013,5.361798815572484
1,2014,5.361798815572484
1,2015,5.361798815572484
1,2016,5.361798815572484
1,2017,5.361798815572484
1,2018,5.361798815572484
1,2019,5.361798815572484
